"Chrom","Position","RSID","Reference","Alternate","Consequence","Protein Consequence","Transcript Consequence","Filter","Annotation","Flags","Allele Count","Allele Number","Number of Homozygotes","Allele Frequency","Allele Count African","Allele Number African","Homozygote Count African","Allele Count East Asian","Allele Number East Asian","Homozygote Count East Asian","Allele Count European (Non-Finnish)","Allele Number European (Non-Finnish)","Homozygote Count European (Non-Finnish)","Allele Count Finnish","Allele Number Finnish","Homozygote Count Finnish","Allele Count Latino","Allele Number Latino","Homozygote Count Latino","Allele Count Other","Allele Number Other","Homozygote Count Other","Allele Count South Asian","Allele Number South Asian","Homozygote Count South Asian"
"6","32148959",".","C","A","p.Gly341Ter†","p.Gly341Ter","c.1021G>T","PASS","stop gained","LC LoF","2","121410","0","0.00001647","0","10404","0","0","8654","0","2","66740","0","0","6614","0","0","11578","0","0","908","0","0","16512","0"
"6","32149170",".","C","T","p.Trp307Ter†","p.Trp307Ter","c.921G>A","PASS","stop gained","","2","118158","0","0.00001693","0","9536","0","2","8582","0","0","64550","0","0","6612","0","0","11536","0","0","886","0","0","16456","0"
"6","32149206",".","AT","A","p.Ile347SerfsTer42","p.Ile347SerfsTer42","c.1039delA","PASS","frameshift","","1","117006","0","0.000008547","0","9326","0","0","8548","0","1","63758","0","0","6612","0","0","11504","0","0","878","0","0","16380","0"
"6","32149255",".","C","G","c.992-1G>C","","c.992-1G>C","PASS","splice acceptor","","1","116480","0","0.000008585","0","9246","0","1","8526","0","0","63442","0","0","6612","0","0","11472","0","0","870","0","0","16312","0"
"6","32149382",".","C","A","c.991+1G>T","","c.991+1G>T","PASS","splice donor","","2","116218","0","0.00001721","0","9162","0","0","8520","0","2","63330","0","0","6610","0","0","11460","0","0","872","0","0","16264","0"
"6","32149402",".","G","A","p.Arg273Ter†","p.Arg273Ter","c.817C>T","PASS","stop gained","","2","116192","0","0.00001721","0","9162","0","0","8518","0","2","63318","0","0","6610","0","0","11460","0","0","872","0","0","16252","0"
"6","32150136",".","AGGGCTGG","A","p.Pro282LeufsTer3","p.Pro282LeufsTer3","c.845_851delCCAGCCC","PASS","frameshift","","7","115322","0","0.00006070","4","9018","0","0","8472","0","0","62818","0","0","6608","0","2","11414","0","1","860","0","0","16132","0"
"6","32150325",".","CCT","C","p.Ala268TrpfsTer22†","p.Ala268TrpfsTer22","c.798_799delAG","PASS","frameshift","","1","115314","0","0.000008672","0","9108","0","0","8514","0","1","62934","0","0","6610","0","0","11450","0","0","866","0","0","15832","0"
"6","32150344",".","C","T","c.822+1G>A","","c.822+1G>A","PASS","splice donor","","8","115956","0","0.00006899","0","9130","0","0","8516","0","5","63142","0","3","6610","0","0","11456","0","0","872","0","0","16230","0"
"6","32150353",".","T","TC","p.Met272AspfsTer19","p.Met272AspfsTer19","c.813dupG","PASS","frameshift","","1","116050","0","0.000008617","0","9140","0","1","8516","0","0","63200","0","0","6610","0","0","11458","0","0","872","0","0","16254","0"
"6","32150377",".","G","A","p.Gln264Ter","p.Gln264Ter","c.790C>T","PASS","stop gained","","3","116194","0","0.00002582","0","9162","0","0","8516","0","0","63312","0","0","6610","0","3","11458","0","0","872","0","0","16264","0"
"6","32150443","rs138936868","C","T","p.Trp114Ter†","p.Trp114Ter","c.342G>A","PASS","stop gained","","1","116198","0","0.000008606","1","9162","0","0","8518","0","0","63314","0","0","6610","0","0","11460","0","0","870","0","0","16264","0"
"6","32150618",".","C","A","p.Glu231Ter","p.Glu231Ter","c.691G>T","PASS","stop gained","","1","115278","0","0.000008675","0","8700","0","0","8512","0","1","62894","0","0","6608","0","0","11438","0","0","868","0","0","16258","0"
"6","32150619",".","CCA","C","p.Trp230GlyfsTer30","p.Trp230GlyfsTer30","c.688_689delTG","PASS","frameshift","","2","115282","0","0.00001735","0","8702","0","0","8512","0","2","62894","0","0","6608","0","0","11438","0","0","868","0","0","16260","0"
"6","32150633",".","G","A","p.Gln226Ter","p.Gln226Ter","c.676C>T","PASS","stop gained","","2","115366","0","0.00001734","0","8760","0","2","8512","0","0","62916","0","0","6608","0","0","11440","0","0","868","0","0","16262","0"
"6","32150658",".","G","GT","p.His217GlnfsTer44","p.His217GlnfsTer44","c.650dupA","PASS","frameshift","","1","115752","0","0.000008639","0","9040","0","0","8514","0","1","63018","0","0","6610","0","0","11442","0","0","868","0","0","16260","0"
"6","32150663",".","G","A","p.Arg216Ter","p.Arg216Ter","c.646C>T","PASS","stop gained","","3","115820","0","0.00002590","0","9082","0","0","8512","0","3","63046","0","0","6610","0","0","11442","0","0","868","0","0","16260","0"
"6","32150668",".","AG","A","p.Leu214PhefsTer36","p.Leu214PhefsTer36","c.640delC","PASS","frameshift","","1","115886","0","0.000008629","1","9102","0","0","8512","0","0","63092","0","0","6610","0","0","11444","0","0","868","0","0","16258","0"
"6","32150740",".","G","T","p.Ser190Ter","p.Ser190Ter","c.569C>A","PASS","stop gained","","1","116198","0","0.000008606","0","9164","0","0","8518","0","1","63310","0","0","6610","0","0","11460","0","0","872","0","0","16264","0"
"6","32150890",".","C","A","c.508+1G>T","","c.508+1G>T","PASS","splice donor","","12","116216","0","0.0001033","0","9166","0","0","8518","0","11","63330","0","1","6610","0","0","11456","0","0","872","0","0","16264","0"
"6","32150929",".","C","T","p.Trp157Ter","p.Trp157Ter","c.470G>A","PASS","stop gained","","2","116218","0","0.00001721","0","9166","0","0","8518","0","2","63330","0","0","6610","0","0","11458","0","0","872","0","0","16264","0"
"6","32151051",".","G","A","c.468+2C>T†","","c.468+2C>T","PASS","splice donor","LC LoF","2","115998","0","0.00001724","0","9148","0","0","8480","0","2","63214","0","0","6600","0","0","11438","0","0","866","0","0","16252","0"
"6","32151100",".","C","T","c.420+1G>A","","c.420+1G>A","PASS","splice donor","","1","116212","0","0.000008605","0","9160","0","0","8522","0","0","63334","0","0","6610","0","0","11452","0","0","870","0","1","16264","0"
"6","32151120",".","G","GT","p.Thr134AsnfsTer7","p.Thr134AsnfsTer7","c.400dupA","PASS","frameshift","","2","116190","0","0.00001721","0","9144","0","1","8522","0","1","63324","0","0","6610","0","0","11456","0","0","870","0","0","16264","0"
"6","32151148",".","C","A","p.Glu125Ter","p.Glu125Ter","c.373G>T","PASS","stop gained","MNP","1","116114","0","0.000008612","0","9092","0","0","8512","0","0","63312","0","0","6610","0","1","11454","0","0","870","0","0","16264","0"
"6","32151175",".","G","GA","p.Pro129SerfsTer17†","p.Pro129SerfsTer17","c.384dupT","PASS","frameshift","","2","115834","0","0.00001727","0","8972","0","0","8450","0","2","63230","0","0","6608","0","0","11444","0","0","868","0","0","16262","0"
"6","32151218",".","C","G","c.343-1G>C†","","c.343-1G>C","PASS","splice acceptor","","36","115308","0","0.0003122","1","8876","0","1","8290","0","9","63002","0","3","6594","0","10","11416","0","0","868","0","12","16262","0"
"6","32151331",".","C","T","c.355+1G>A","","c.355+1G>A","PASS","splice donor","","8","116142","0","0.00006888","2","9154","0","0","8506","0","1","63284","0","0","6610","0","1","11458","0","0","872","0","4","16258","0"
"6","32151343",".","A","G","c.342+2T>C†","","c.342+2T>C","PASS","splice donor","","1","116168","0","0.000008608","0","9162","0","0","8516","0","0","63290","0","0","6610","0","1","11460","0","0","872","0","0","16258","0"
"6","32151347",".","G","A","p.Arg114Ter","p.Arg114Ter","c.340C>T","PASS","stop gained","","1","116168","0","0.000008608","0","9162","0","0","8516","0","1","63288","0","0","6610","0","0","11460","0","0","872","0","0","16260","0"
"6","32151465",".","A","ACTGT","p.Ser74ArgfsTer22","p.Ser74ArgfsTer22","c.218_221dupACAG","PASS","frameshift","","1","115728","0","0.000008641","0","8754","0","0","8504","0","0","63266","0","0","6610","0","1","11460","0","0","870","0","0","16264","0"
"6","32151524",".","TG","T","p.Asn54LysfsTer49","p.Asn54LysfsTer49","c.162delC","PASS","frameshift","","5","114940","0","0.00004350","3","8640","0","0","8414","0","0","62790","0","0","6592","0","2","11396","0","0","858","0","0","16250","0"
"6","32151528",".","C","G","c.160-1G>C","","c.160-1G>C","PASS","splice acceptor","","1","114870","0","0.000008705","0","8634","0","0","8410","0","1","62744","0","0","6592","0","0","11390","0","0","856","0","0","16244","0"
"6","32151657",".","C","T","c.159+1G>A","","c.159+1G>A","PASS","splice donor","","1","116128","0","0.000008611","0","9144","0","1","8514","0","0","63278","0","0","6610","0","0","11452","0","0","870","0","0","16260","0"
"6","32151664","rs146711091","C","T","p.Trp51Ter","p.Trp51Ter","c.153G>A","PASS","stop gained","","43","116142","0","0.0003702","42","9144","0","0","8514","0","1","63292","0","0","6610","0","0","11452","0","0","870","0","0","16260","0"
"6","32151695",".","GC","G","p.Ala41ProfsTer13","p.Ala41ProfsTer13","c.121delG","PASS","frameshift","","1","116168","0","0.000008608","0","9148","0","0","8516","0","1","63302","0","0","6610","0","0","11458","0","0","872","0","0","16262","0"
"6","32152085",".","GC","G","p.Ala3LeufsTer49†","p.Ala3LeufsTer49","c.7delG","PASS","frameshift","","279","20364","7","0.01370","12","1884","0","3","884","0","118","9428","3","4","520","0","8","782","0","5","200","0","129","6666","4"
"6","32152085",".","G","GC","p.Ala3GlyfsTer10†","p.Ala3GlyfsTer10","c.7dupG","PASS","frameshift","","1","20364","0","0.00004911","0","1884","0","0","884","0","0","9428","0","0","520","0","1","782","0","0","200","0","0","6666","0"